`coalash` <-
structure(list(x = as.integer(c(1, 1, 1, 2, 2, 2, 2, 2, 2, 2, 
3, 3, 3, 3, 3, 3, 3, 3, 3, 3, 3, 3, 3, 3, 4, 4, 4, 4, 4, 4, 4, 
4, 4, 4, 4, 4, 4, 4, 4, 4, 4, 4, 4, 4, 5, 5, 5, 5, 5, 5, 5, 5, 
5, 5, 5, 5, 5, 5, 5, 5, 5, 5, 5, 5, 5, 6, 6, 6, 6, 6, 6, 6, 6, 
6, 6, 6, 6, 6, 6, 6, 6, 6, 6, 6, 6, 6, 7, 7, 7, 7, 7, 7, 7, 7, 
7, 7, 7, 7, 7, 7, 7, 7, 7, 7, 7, 7, 8, 8, 8, 8, 8, 8, 8, 8, 8, 
8, 8, 8, 8, 8, 8, 8, 8, 8, 8, 8, 8, 9, 9, 9, 9, 9, 9, 9, 9, 9, 
9, 9, 9, 9, 9, 9, 9, 9, 9, 9, 10, 10, 10, 10, 10, 10, 10, 10, 
10, 10, 10, 10, 10, 10, 10, 10, 10, 10, 10, 10, 11, 11, 11, 11, 
11, 11, 11, 11, 11, 11, 11, 11, 11, 11, 11, 11, 12, 12, 12, 12, 
12, 12, 12, 12, 12, 12, 13, 13, 13, 13, 13, 13, 13, 14, 14, 14, 
14, 14, 15, 15, 15, 16)), y = as.integer(c(14, 15, 16, 8, 10, 
11, 12, 14, 15, 16, 17, 16, 15, 14, 13, 12, 11, 10, 9, 8, 7, 
6, 5, 4, 20, 19, 18, 17, 16, 15, 14, 13, 12, 11, 10, 9, 8, 7, 
6, 5, 4, 3, 2, 1, 1, 2, 3, 4, 5, 6, 7, 8, 9, 10, 11, 12, 13, 
14, 15, 16, 17, 18, 19, 20, 21, 1, 2, 3, 4, 5, 6, 7, 8, 9, 10, 
11, 12, 13, 14, 15, 16, 17, 18, 19, 20, 21, 2, 3, 4, 5, 7, 8, 
9, 10, 11, 12, 13, 14, 15, 16, 17, 18, 19, 20, 21, 22, 2, 3, 
4, 5, 6, 7, 8, 9, 10, 11, 12, 13, 14, 15, 16, 17, 18, 19, 20, 
21, 22, 4, 5, 6, 7, 8, 9, 10, 11, 12, 13, 14, 15, 16, 17, 18, 
19, 20, 21, 22, 4, 5, 6, 7, 8, 9, 10, 11, 12, 13, 14, 15, 16, 
17, 18, 19, 20, 21, 22, 23, 6, 7, 8, 9, 10, 11, 12, 13, 16, 17, 
18, 19, 20, 21, 22, 23, 11, 12, 13, 17, 18, 19, 20, 21, 22, 23, 
17, 18, 19, 20, 21, 22, 23, 18, 19, 20, 21, 23, 17, 18, 19, 17
)), coalash = c(10.21, 9.92, 11.17, 10.01, 11.15, 11.31, 9.92, 
10.73, 10.82, 10.14, 9.97, 9.93, 11.65, 9.46, 12.5, 11.05, 9.41, 
9.91, 10.82, 8.23, 10.39, 10.41, 9.76, 10.93, 9.79, 10.74, 11.21, 
9.7, 10.27, 8.96, 9.35, 9.63, 10.11, 9.37, 10.17, 11.75, 11.04, 
11.11, 10.82, 11.1, 10.94, 9.64, 9.29, 10.59, 10.43, 8.75, 9.52, 
9.53, 10.8, 17.61, 10.96, 10.28, 9.78, 10.55, 11.21, 11.46, 10.82, 
9.78, 9.88, 10.21, 9.84, 9.89, 12.8, 9.06, 10.39, 9.32, 8.96, 
10.06, 10.61, 8.86, 10.87, 10.83, 13.07, 11, 11.61, 9.93, 10.41, 
10.12, 10.38, 8.9, 11.09, 10.29, 10.34, 10.03, 10.7, 10.65, 8.27, 
12.65, 10.27, 9.48, 10.09, 10.47, 9.79, 9.16, 10.7, 8.45, 9.4, 
9.79, 10.18, 10.63, 9.84, 8.2, 9.36, 11.21, 10.36, 11.62, 8.14, 
9.63, 9.59, 9.22, 13.06, 8.69, 11.58, 10.19, 10.04, 9.27, 8.9, 
9.48, 8.91, 9.34, 8.82, 10.01, 9.82, 8.57, 8.98, 9.58, 10.91, 
9.82, 9.61, 11.41, 11.17, 9.46, 9.15, 11.19, 9.28, 8.07, 10.99, 
9.22, 10.56, 10.18, 9.01, 10.06, 9.01, 9.27, 10.66, 8.76, 7.81, 
8.2, 9.96, 9.39, 8.54, 8.15, 8.1, 10.13, 7.96, 9.92, 11.43, 9.06, 
9.34, 7.68, 8.58, 9.04, 8.19, 8.92, 8.89, 8.59, 9.15, 9.56, 10.87, 
9.2, 11.3, 8.61, 7, 7.85, 8.61, 9.25, 8.89, 7.28, 7.88, 7.8, 
9.1, 9, 8.78, 7.9, 8.21, 7.83, 8.64, 9.58, 7.61, 7.84, 7.62, 
11.86, 9.14, 7.04, 9.69, 8.2, 9.03, 9.65, 8.91, 8.81, 9.96, 8.77, 
8.6, 9.99, 7.63, 7.95, 9.91, 9.07)), .Names = c("x", "y", "coalash"
), class = "data.frame", row.names = as.integer(c(NA, 208)))
