"fulmar" <-
structure(list(year = c(1998, 1998, 1998, 1998, 1998, 1998, 1998, 
1998, 1998, 1998, 1998, 1998, 1998, 1998, 1998, 1998, 1998, 1998, 
1998, 1998, 1998, 1998, 1998, 1998, 1998, 1998, 1998, 1998, 1998, 
1998, 1998, 1998, 1998, 1998, 1998, 1998, 1998, 1998, 1998, 1998, 
1998, 1998, 1998, 1998, 1998, 1998, 1998, 1998, 1998, 1998, 1998, 
1998, 1998, 1998, 1998, 1998, 1998, 1998, 1998, 1998, 1998, 1998, 
1998, 1998, 1998, 1998, 1998, 1998, 1998, 1998, 1998, 1998, 1998, 
1998, 1998, 1998, 1998, 1998, 1998, 1998, 1998, 1998, 1998, 1998, 
1998, 1998, 1998, 1998, 1998, 1998, 1998, 1998, 1998, 1998, 1998, 
1998, 1998, 1998, 1998, 1998, 1998, 1998, 1998, 1998, 1998, 1998, 
1998, 1998, 1998, 1998, 1998, 1998, 1998, 1998, 1998, 1998, 1998, 
1998, 1998, 1998, 1998, 1998, 1998, 1998, 1998, 1998, 1998, 1998, 
1998, 1998, 1998, 1998, 1998, 1998, 1998, 1998, 1998, 1998, 1998, 
1998, 1998, 1998, 1998, 1998, 1998, 1998, 1998, 1998, 1998, 1998, 
1998, 1998, 1998, 1998, 1998, 1998, 1998, 1998, 1998, 1998, 1998, 
1998, 1998, 1998, 1998, 1998, 1998, 1998, 1998, 1998, 1998, 1998, 
1998, 1998, 1998, 1998, 1998, 1998, 1998, 1998, 1998, 1998, 1998, 
1998, 1998, 1998, 1998, 1998, 1998, 1998, 1998, 1998, 1998, 1998, 
1998, 1998, 1998, 1998, 1998, 1998, 1998, 1998, 1998, 1998, 1998, 
1998, 1998, 1998, 1998, 1998, 1998, 1998, 1998, 1998, 1998, 1998, 
1998, 1998, 1998, 1998, 1998, 1998, 1998, 1998, 1998, 1998, 1998, 
1998, 1998, 1998, 1998, 1998, 1998, 1998, 1998, 1998, 1998, 1998, 
1998, 1998, 1998, 1998, 1998, 1998, 1998, 1998, 1998, 1998, 1998, 
1998, 1998, 1998, 1998, 1998, 1998, 1998, 1998, 1998, 1998, 1998, 
1998, 1998, 1998, 1998, 1998, 1998, 1998, 1998, 1998, 1998, 1998, 
1998, 1998, 1998, 1998, 1998, 1998, 1998, 1998, 1998, 1998, 1998, 
1998, 1998, 1998, 1998, 1998, 1998, 1998, 1998, 1998, 1998, 1998, 
1998, 1998, 1998, 1998, 1998, 1998, 1998, 1998, 1998, 1998, 1998, 
1998, 1998, 1998, 1998, 1998, 1998, 1998, 1998, 1998, 1998, 1998, 
1998, 1998, 1998, 1998, 1998, 1998, 1998, 1998, 1998, 1998, 1998, 
1998, 1998, 1998, 1998, 1998, 1998, 1998, 1998, 1998, 1998, 1998, 
1998, 1998, 1998, 1998, 1998, 1998, 1998, 1998, 1998, 1998, 1998, 
1998, 1998, 1998, 1998, 1998, 1998, 1998, 1998, 1998, 1998, 1998, 
1998, 1998, 1998, 1998, 1998, 1998, 1998, 1998, 1998, 1998, 1998, 
1998, 1998, 1998, 1998, 1998, 1998, 1998, 1998, 1998, 1998, 1998, 
1998, 1998, 1998, 1998, 1998, 1998, 1998, 1998, 1998, 1998, 1998, 
1998, 1998, 1998, 1998, 1998, 1998, 1998, 1998, 1998, 1998, 1998, 
1998, 1998, 1998, 1998, 1998, 1998, 1998, 1998, 1998, 1998, 1998, 
1998, 1998, 1998, 1998, 1998, 1998, 1998, 1998, 1998, 1998, 1998, 
1998, 1998, 1998, 1998, 1998, 1998, 1998, 1998, 1998, 1998, 1998, 
1998, 1998, 1998, 1998, 1998, 1998, 1998, 1998, 1998, 1998, 1998, 
1998, 1998, 1998, 1998, 1998, 1998, 1998, 1998, 1998, 1998, 1998, 
1998, 1998, 1998, 1998, 1998, 1998, 1998, 1998, 1998, 1998, 1998, 
1998, 1998, 1998, 1998, 1998, 1998, 1998, 1998, 1998, 1998, 1998, 
1998, 1998, 1998, 1998, 1998, 1998, 1998, 1998, 1998, 1998, 1998, 
1998, 1998, 1998, 1998, 1998, 1998, 1998, 1998, 1998, 1998, 1998, 
1998, 1998, 1998, 1998, 1998, 1998, 1998, 1998, 1998, 1998, 1998, 
1998, 1998, 1998, 1998, 1998, 1998, 1998, 1998, 1998, 1998, 1998, 
1998, 1998, 1998, 1998, 1998, 1998, 1998, 1998, 1998, 1998, 1998, 
1998, 1998, 1998, 1998, 1998, 1998, 1998, 1998, 1998, 1998, 1998, 
1998, 1998, 1998, 1998, 1998, 1998, 1998, 1998, 1998, 1998, 1998, 
1998, 1998, 1998, 1998, 1998, 1998, 1998, 1998, 1998, 1998, 1998, 
1998, 1998, 1998, 1998, 1998, 1998, 1998, 1998, 1998, 1998, 1998, 
1998, 1998, 1998, 1998, 1998, 1998, 1998, 1998, 1998, 1998, 1998, 
1998, 1998, 1998, 1998, 1998, 1999, 1999, 1999, 1999, 1999, 1999, 
1999, 1999, 1999, 1999, 1999, 1999, 1999, 1999, 1999, 1999, 1999, 
1999, 1999, 1999, 1999, 1999, 1999, 1999, 1999, 1999, 1999, 1999, 
1999, 1999, 1999, 1999, 1999, 1999, 1999, 1999, 1999, 1999, 1999, 
1999, 1999, 1999, 1999, 1999, 1999, 1999, 1999, 1999, 1999, 1999, 
1999, 1999, 1999, 1999, 1999, 1999, 1999, 1999, 1999, 1999, 1999, 
1999, 1999, 1999, 1999, 1999, 1999, 1999, 1999, 1999, 1999, 1999, 
1999, 1999, 1999, 1999, 1999, 1999, 1999, 1999, 1999, 1999, 1999, 
1999, 1999, 1999, 1999, 1999, 1999, 1999, 1999, 1999, 1999, 1999, 
1999, 1999, 1999, 1999, 1999, 1999, 1999, 1999, 1999, 1999, 1999, 
1999, 1999, 1999, 1999, 1999, 1999, 1999, 1999, 1999, 1999, 1999, 
1999, 1999, 1999, 1999, 1999, 1999, 1999, 1999, 1999, 1999, 1999, 
1999, 1999, 1999, 1999, 1999, 1999, 1999, 1999, 1999, 1999, 1999, 
1999, 1999, 1999, 1999, 1999, 1999, 1999, 1999, 1999, 1999, 1999, 
1999, 1999, 1999, 1999, 1999, 1999, 1999, 1999, 1999, 1999, 1999, 
1999, 1999, 1999, 1999, 1999, 1999, 1999, 1999, 1999, 1999, 1999, 
1999, 1999, 1999, 1999, 1999, 1999, 1999, 1999, 1999, 1999, 1999, 
1999, 1999, 1999, 1999, 1999, 1999, 1999, 1999, 1999, 1999, 1999, 
1999, 1999, 1999, 1999, 1999, 1999, 1999, 1999, 1999, 1999, 1999, 
1999, 1999, 1999, 1999, 1999, 1999, 1999, 1999, 1999, 1999, 1999, 
1999, 1999, 1999, 1999, 1999, 1999, 1999, 1999, 1999, 1999, 1999, 
1999, 1999, 1999, 1999, 1999, 1999, 1999, 1999, 1999, 1999, 1999, 
1999, 1999, 1999, 1999, 1999, 1999, 1999, 1999, 1999, 1999, 1999, 
1999, 1999, 1999, 1999, 1999, 1999, 1999, 1999, 1999, 1999, 1999, 
1999, 1999, 1999, 1999, 1999, 1999, 1999, 1999, 1999, 1999, 1999, 
1999, 1999, 1999, 1999, 1999, 1999, 1999, 1999, 1999, 1999, 1999, 
1999, 1999, 1999, 1999, 1999, 1999, 1999, 1999, 1999, 1999, 1999, 
1999, 1999, 1999, 1999, 1999, 1999, 1999, 1999, 1999, 1999, 1999, 
1999, 1999, 1999, 1999, 1999, 1999, 1999, 1999, 1999, 1999, 1999, 
1999, 1999, 1999, 1999, 1999, 1999, 1999, 1999, 1999, 1999, 1999, 
1999, 1999, 1999, 1999, 1999, 1999, 1999, 1999, 1999, 1999, 1999, 
1999, 1999, 1999, 1999, 1999, 1999, 1999, 1999, 1999, 1999, 1999, 
1999, 1999, 1999, 1999, 1999, 1999, 1999, 1999, 1999, 1999, 1999, 
1999, 1999, 1999, 1999, 1999, 1999, 1999, 1999, 1999, 1999, 1999, 
1999, 1999, 1999, 1999, 1999, 1999, 1999, 1999, 1999, 1999, 1999, 
1999, 1999, 1999, 1999, 1999, 1999, 1999, 1999, 1999, 1999, 1999, 
1999, 1999, 1999, 1999, 1999, 1999, 1999, 1999, 1999, 1999, 1999, 
1999, 1999, 1999, 1999, 1999, 1999, 1999, 1999, 1999, 1999, 1999, 
1999, 1999, 1999, 1999, 1999, 1999, 1999, 1999, 1999, 1999, 1999, 
1999, 1999, 1999, 1999, 1999, 1999, 1999, 1999, 1999, 1999, 1999, 
1999, 1999, 1999, 1999, 1999, 1999, 1999, 1999, 1999, 1999, 1999, 
1999, 1999, 1999, 1999, 1999, 1999, 1999, 1999, 1999, 1999, 1999, 
1999, 1999, 1999, 1999, 1999, 1999, 1999, 1999, 1999, 1999, 1999, 
1999, 1999, 1999, 1999, 1999, 1999, 1999, 1999, 1999, 1999, 1999, 
1999, 1999, 1999, 1999, 1999, 1999, 1999, 1999, 1999, 1999, 1999, 
1999, 1999, 1999, 1999, 1999, 1999, 1999, 1999, 1999, 1999, 1999, 
1999, 1999, 1999, 1999, 1999, 1999, 1999, 1999, 1999, 1999, 1999, 
1999, 1999, 1999, 1999, 1999, 1999, 1999, 1999, 1999, 1999, 1999, 
1999, 1999, 1999, 1999, 1999, 1999, 1999, 1999, 1999, 1999, 1999, 
1999, 1999, 1999, 1999, 1999, 1999, 1999, 1999, 1999, 1999, 1999, 
1999, 1999, 1999, 1999, 1999, 1999, 1999, 1999, 1999, 1999, 1999, 
1999, 1999, 1999, 1999, 1999, 1999, 1999, 1999, 1999, 1999, 1999, 
1999, 1999, 1999, 1999, 1999, 1999, 1999, 1999, 1999, 1999, 1999, 
1999, 1999, 1999, 1999, 1999, 1999, 1999, 1999, 1999, 1999, 1999, 
1999, 1999, 1999, 1999, 1999, 1999, 1999, 1999, 1999, 1999, 1999, 
1999, 1999, 1999, 1999, 1999, 1999, 1999, 1999, 1999, 1999, 1999, 
1999, 1999, 1999, 1999, 1999, 1999, 1999, 1999, 1999, 1999, 1999, 
1999, 1999, 1999, 1999, 1999, 1999, 1999, 1999, 1999, 1999, 1999, 
1999, 1999, 1999, 1999, 1999, 1999, 1999, 1999, 1999, 1999, 1999, 
1999, 1999, 1999, 1999, 1999, 1999, 1999, 1999, 1999, 1999, 1999, 
1999, 1999, 1999, 1999, 1999, 1999, 1999, 1999, 1999, 1999, 1999, 
1999, 1999, 1999, 1999, 1999, 1999, 1999, 1999, 1999, 1999, 1999, 
1999, 1999, 1999, 1999, 1999, 1999, 1999, 1999, 1999, 1999, 1999, 
1999, 1999, 1999, 1999, 1999, 1999, 1999, 1999, 1999, 1999, 1999, 
1999, 1999, 1999, 1999, 1999, 1999, 1999, 1999, 1999, 1999, 1999, 
