"meuse.alt" <-
structure(list(x = c(180332.41, 180427, 180473, 180500.5, 180549.23, 
180622.06, 180595.05, 180580.41, 180641.08, 180739.88, 180781.53, 
180836.09, 180931.14, 180989.55, 180900.08, 180961.92, 180913.27, 
180858.17, 180973.39, 180858.67, 180933.95, 180798.88, 180854.91, 
180942.67, 180741.39, 180820.25, 180911.88, 180978.48, 181005.22, 
181057.2, 181097.47, 181162, 181196.13, 181348.7, 181406.66, 
181419.25, 181447.92, 181484.61, 181538.39, 181322.33, 181250.05, 
181337.48, 181198.69, 181239.36, 181324.44, 181128.28, 181245.34, 
181270.89, 181151.39, 181190.08, 181221.63, 181060.95, 181080.98, 
181110.88, 181136.39, 181020.92, 181026.84, 181040.66, 181134.8, 
181101.75, 181051.06, 181009.83, 181121.3, 181025.02, 181122.77, 
181070.45, 181178.88, 181295.78, 181242.64, 181227.02, 181161.67, 
181339.11, 181286.3, 181204.36, 181373.92, 181322.72, 181219.91, 
181341.03, 181248.97, 181380.27, 181435.05, 181467.53, 181435.52, 
181418.98, 181381.64, 181319.28, 181272.34, 181333.5, 181650.3, 
181596.16, 181713.42, 181694.02, 181690.03, 181616.78, 181555.53, 
181512.81, 181574.89, 181869.08, 181787.66, 181836.31, 181739.78, 
181815.19, 181682.69, 181743.31, 181649.48, 181575.84, 181502.39, 
181725.28, 181658.52, 181712.48, 181582.94, 181428.75, 181401.83, 
181491.63, 181421.7, 181645.98, 181627.33, 181508.31, 181459.25, 
181579.11, 181511.33, 181504.91, 181524.02, 179360.2, 179441.16, 
179441.64, 179497.73, 179568.67, 179630.77, 179677.88, 179793.05, 
179822.11, 179945.31, 179906.34, 179947.39, 179607.19, 179680.36, 
179693.83, 179725.06, 179787.72, 179822.22, 179796.25, 179849.86, 
179891.72, 179889.95, 179978.25, 179978.73, 179951.75, 180376.78, 
180261.19, 180338.13, 180200.45, 180262.64, 180121.66, 180028.38, 
180502.11, 180466.63, 180421.28, 180461.22, 180360.45, 180405.48, 
180304.59, 180185.03, 180111.95, 180069.42, 180262.03, 180335.31, 
180169.36, 180392.67, 180305.94, 180246.75, 180196.67, 180105.89, 
180044.3, 180018.39, 180111.88, 180104.36, 180473.25, 180418.67, 
180322.05, 180242.7, 180301, 180202.25, 180290.11, 180065.64, 
180177.45, 180754.95, 180684.72, 180644.59, 180572.78, 180525.94, 
180473.17, 180523.22, 180436.16, 180396.28, 180522.58, 180612.17, 
180586.66, 180379.28, 180484.3, 180569.5, 180356.38, 180321.17, 
180363.31, 180440.09, 180567.84, 180710.84, 180867.91, 180763.72, 
180824.78, 180899.92, 180697.7, 180768.53, 180615.72, 180673.83, 
180857.3, 180938.39, 180636.06, 180737.69, 180695.97, 180597.91, 
180763.19, 180829.42, 180905.03, 180975.83, 180859.33, 180568.53, 
180660.83, 180631.58, 180742.63, 180826.03, 180942.61, 180690.84, 
180685.44, 180784.86, 180902.58, 180964.94, 180864.83, 180737.64, 
180789.66, 180870.5, 180747.25, 180822.83, 180896.81, 180945.14, 
180990, 180964.86, 181145.23, 181009.34, 181096.13, 181037.59, 
181037.61, 181019.16, 181203.38, 181333.39, 181268.72, 181162.55, 
181129.83, 181226.33, 181176.67, 181095.44, 181132.67, 181045.73, 
181071.67, 181027.81, 181419.39, 181371.33, 181309.53, 181270.73, 
181212.53, 181156.17, 181104.86, 181059, 181006.44, 178843.66, 
178845.27, 178751.38, 178684.53, 178833.88, 178807.58, 178929.98, 
178990.84, 179313.03, 179272.7, 179255.5, 179399.56, 179385.08, 
179333.77, 179201.22, 179252.13, 179108.63, 179103.08, 179055.27, 
179646.36, 179704.47, 179806.52, 179933.7, 179850, 179938.11, 
179745, 179531.73, 179512.39, 179562.89, 179549.39, 179623.66, 
179521.06, 179623.69, 179474.66, 179578.36, 179683.36, 179622.41, 
179682.77, 179482.5, 179431.45, 179390.7, 179438.97, 179380.7, 
179544.41, 179321.88, 179382.84, 179285.41, 179236.19, 179308.52, 
179177.34, 179295.83, 179379.28, 179153.94, 179177.55, 179368.7, 
179445.81, 179460.3, 179569.48, 179056.69, 179500.28, 179519.42, 
179621.81, 179587.59, 179728.95, 179587.72, 179626.2, 179730.73, 
179910.53, 179714.02, 179817.13, 179974.36, 179879.28, 179789.5, 
179930.09, 179750.25, 179806.78, 179992.11, 179902.5, 179964.92, 
179780.33, 179741.81, 179841.23, 179697.97, 179629.91, 179676.78, 
179749.27, 179782.41, 179865.11, 179910.41, 179996.61, 179967.95, 
179743.83, 179735.39, 179675.89, 179813.31, 179899.14, 179990.39, 
179902.11, 179689.61, 179888.88, 179990.27, 179720.77, 179816.48, 
179894.61, 179799.3, 179993.34, 180034.25, 180028.8, 180142.14, 
180234.98, 180181.08, 180317.03, 180301.23, 180367.3, 180448.95, 
180005.8, 180104.02, 180263.61, 180182.14, 180065.25, 180228.88, 
180193.58, 180294.22, 180073.44, 180025.61, 180081.45, 180060.3, 
180142.09, 180227, 180184.61, 180072.03, 180118.63, 180242.95, 
180074, 180218.36, 180137.95, 180039.95, 180116.67, 180432, 180437.17, 
180310.97, 180389.48, 180270.39, 180333.39, 180313.89, 180377.7, 
180289.86, 180427.36, 180444.28, 180510.09, 180443.81, 180361.5, 
180263.77, 180271.77, 180253.86, 180344.86, 180318.63, 180315.66, 
180364.23, 180301.19, 180209.95, 180409.95, 180351.5, 180420.3, 
180485.56, 180327.98, 180383.77, 180452.38, 180531.39, 180432.41, 
180504.08, 180618.31, 180655.69, 180577.08, 180410.31, 180456.75, 
180519.08, 180587.67, 180504.02, 180489.55, 180621.17, 180702.91, 
180766.52, 180837.69, 180779.58, 180489.56, 180578.39, 180655.36, 
180723.63, 180781.3, 180607.33, 180712.39, 180640.73, 180943.84, 
180892.27, 180845.75, 180793.95, 180739.48, 180679.03, 180636.59, 
180585, 180562.34, 180530.67, 180468.94, 180424.14, 178489.27, 
178647.58, 178723, 178714.59, 178421.56, 178539.3, 178650.88, 
178575.91, 178363.22, 178474.59, 178399.31, 178420.5, 178353.72, 
178305.91, 178333.09, 178916.83, 178883.69, 178819.44, 178900.95, 
178845.89, 178752.11, 178804.5, 178658.59, 178738.36, 178796.22, 
178554.14, 178592.2, 178659.14, 178948.33, 178902.8, 178944.27, 
178857.03, 178942.69, 178851.67, 178716.73, 178805.23, 178961.47, 
178804.5, 178755.94, 178532.88, 178590.3, 178553.47, 178497.28, 
178632.61, 178601.08, 178552.94, 178668.78, 178902.48, 178749.16, 
178856.47, 178966.11, 178699.73, 178809.39, 178809.13, 179128.73, 
179074.73, 179116.27, 179001.7, 179151.89, 179102.52, 179044.8, 
179134.16, 179068.84, 179000.69, 179067.56, 179094.75, 179051.48, 
179113.84, 179034.27, 179133.88, 179152.16, 179207.94, 179257.66, 
179414, 179337.72, 179372.23, 179444.11, 179542.98, 179483.02, 
179535.59, 179307.3, 179395.75, 179236.36, 179188.81, 179191.3, 
179329.28, 179196.03, 179289.83, 179420.86, 179468.42, 179472.3, 
179569.11, 179657.75, 179630.09, 179724.42, 179873.3, 179948.34, 
179824.72, 179752.08, 179817.27, 179920.39, 179889.25, 179993.53, 
179373.08, 179246.47, 179147.52, 179067.11, 179299.13, 179019.95, 
179207.23, 179050.09, 179111.98, 179275.41, 179292.22, 179229.25, 
179363.2, 179667.89, 179745.09, 179804.17, 179627.75, 179737.11, 
179478.95, 179599.03, 179460.56, 179553.69, 179340.61, 179438.27, 
179509.5, 179633.14, 179601.92, 179398.45, 179470.25, 179547.09, 
179601.16, 179437.17, 179509.88, 179595.17, 179634.7, 179861.39, 
179983.41, 179823.3, 179902.69, 179708.61, 179684.69, 179835.66, 
179903.97, 179802.47, 179906.61, 179864.52, 179728.44, 179689.55, 
179766.84, 179693.45, 179966.58, 179929.56, 179994.28, 179879.39, 
179938.52, 179878.3, 179801.16, 179812.17, 179716.31, 179664.61, 
179993.34, 179920.52, 180042.13, 180076.98, 180179.47, 180291.84, 
180227.08, 180340.78, 180332.33, 180449.66, 180461.28, 180570.81, 
180040.05, 180210.25, 180275.83, 180356.3, 180120.08, 180201.94, 
180332.16, 180235.67, 180004.67, 180089.31, 180200.39, 180335.28, 
180251.41, 180052.97, 180012.06, 180258.11, 180374.53, 180294.09, 
180218.78, 180120.88, 180064.84, 180375.8, 180389.41, 180442.38, 
180286.88, 180193.22, 180146.97, 180083.66, 180005.66, 180331.45, 
180330.23, 180425.59, 180438.81, 180513.22, 180584.55, 180671.95, 
180736.13, 180425.58, 180409.47, 180407.88, 180413.02, 180432.64, 
180477.02, 180527.06, 180647.55, 180753.78, 180837.08, 180879.64, 
178371.08, 178527.03, 178533.34, 178621.52, 178788.63, 178966.13, 
178929.28, 178968.52, 178832.72, 178908.38, 178985.19, 178917.45, 
178628.73, 178542.09, 178699.47, 178648.98, 178730.47, 178816.33, 
