"ncp.grid" <-
structure(list(x = c(511500, 516500, 521500, 526500, 531500, 
536500, 541500, 546500, 551500, 556500, 561500, 566500, 571500, 
576500, 581500, 586500, 511500, 516500, 521500, 526500, 531500, 
536500, 541500, 546500, 551500, 556500, 561500, 566500, 571500, 
576500, 581500, 586500, 591500, 511500, 516500, 521500, 526500, 
531500, 536500, 541500, 546500, 551500, 556500, 561500, 566500, 
571500, 576500, 581500, 586500, 591500, 596500, 511500, 516500, 
521500, 526500, 531500, 536500, 541500, 546500, 551500, 556500, 
561500, 566500, 571500, 576500, 581500, 586500, 591500, 596500, 
601500, 606500, 511500, 516500, 521500, 526500, 531500, 536500, 
541500, 546500, 551500, 556500, 561500, 566500, 571500, 576500, 
581500, 586500, 591500, 596500, 601500, 606500, 611500, 506500, 
511500, 516500, 521500, 526500, 531500, 536500, 541500, 546500, 
551500, 556500, 561500, 566500, 571500, 576500, 581500, 586500, 
591500, 596500, 601500, 606500, 611500, 616500, 506500, 511500, 
516500, 521500, 526500, 531500, 536500, 541500, 546500, 551500, 
556500, 561500, 566500, 571500, 576500, 581500, 586500, 591500, 
596500, 601500, 606500, 611500, 616500, 621500, 506500, 511500, 
516500, 521500, 526500, 531500, 536500, 541500, 546500, 551500, 
556500, 561500, 566500, 571500, 576500, 581500, 586500, 591500, 
596500, 601500, 606500, 611500, 616500, 621500, 626500, 506500, 
511500, 516500, 521500, 526500, 531500, 536500, 541500, 546500, 
551500, 556500, 561500, 566500, 571500, 576500, 581500, 586500, 
591500, 596500, 601500, 606500, 611500, 616500, 621500, 626500, 
501500, 506500, 511500, 516500, 521500, 526500, 531500, 536500, 
541500, 546500, 551500, 556500, 561500, 566500, 571500, 576500, 
581500, 586500, 591500, 596500, 601500, 606500, 611500, 616500, 
621500, 626500, 501500, 506500, 511500, 516500, 521500, 526500, 
531500, 536500, 541500, 546500, 551500, 556500, 561500, 566500, 
571500, 576500, 581500, 586500, 591500, 596500, 601500, 606500, 
611500, 616500, 621500, 626500, 501500, 506500, 511500, 516500, 
521500, 526500, 531500, 536500, 541500, 546500, 551500, 556500, 
561500, 566500, 571500, 576500, 581500, 586500, 591500, 596500, 
601500, 606500, 611500, 616500, 621500, 626500, 501500, 506500, 
511500, 516500, 521500, 526500, 531500, 536500, 541500, 546500, 
551500, 556500, 561500, 566500, 571500, 576500, 581500, 586500, 
591500, 596500, 601500, 606500, 611500, 616500, 621500, 626500, 
496500, 501500, 506500, 511500, 516500, 521500, 526500, 531500, 
536500, 541500, 546500, 551500, 556500, 561500, 566500, 571500, 
576500, 581500, 586500, 591500, 596500, 601500, 606500, 611500, 
616500, 621500, 626500, 496500, 501500, 506500, 511500, 516500, 
521500, 526500, 531500, 536500, 541500, 546500, 551500, 556500, 
561500, 566500, 571500, 576500, 581500, 586500, 591500, 596500, 
601500, 606500, 611500, 616500, 621500, 626500, 496500, 501500, 
506500, 511500, 516500, 521500, 526500, 531500, 536500, 541500, 
546500, 551500, 556500, 561500, 566500, 571500, 576500, 581500, 
586500, 591500, 596500, 601500, 606500, 611500, 616500, 621500, 
626500, 496500, 501500, 506500, 511500, 516500, 521500, 526500, 
531500, 536500, 541500, 546500, 551500, 556500, 561500, 566500, 
571500, 576500, 581500, 586500, 591500, 596500, 601500, 606500, 
611500, 616500, 621500, 626500, 631500, 636500, 491500, 496500, 
501500, 506500, 511500, 516500, 521500, 526500, 531500, 536500, 
541500, 546500, 551500, 556500, 561500, 566500, 571500, 576500, 
581500, 586500, 591500, 596500, 601500, 606500, 611500, 616500, 
621500, 626500, 631500, 636500, 641500, 491500, 496500, 501500, 
506500, 511500, 516500, 521500, 526500, 531500, 536500, 541500, 
546500, 551500, 556500, 561500, 566500, 571500, 576500, 581500, 
586500, 591500, 596500, 601500, 606500, 611500, 616500, 621500, 
626500, 631500, 636500, 641500, 646500, 651500, 491500, 496500, 
501500, 506500, 511500, 516500, 521500, 526500, 531500, 536500, 
541500, 546500, 551500, 556500, 561500, 566500, 571500, 576500, 
581500, 586500, 591500, 596500, 601500, 606500, 611500, 616500, 
621500, 626500, 631500, 636500, 641500, 646500, 651500, 656500, 
486500, 491500, 496500, 501500, 506500, 511500, 516500, 521500, 
526500, 531500, 536500, 541500, 546500, 551500, 556500, 561500, 
566500, 571500, 576500, 581500, 586500, 591500, 596500, 601500, 
606500, 611500, 616500, 621500, 626500, 631500, 636500, 641500, 
646500, 651500, 656500, 661500, 486500, 491500, 496500, 501500, 
506500, 511500, 516500, 521500, 526500, 531500, 536500, 541500, 
546500, 551500, 556500, 561500, 566500, 571500, 576500, 581500, 
586500, 591500, 596500, 601500, 606500, 611500, 616500, 621500, 
626500, 631500, 636500, 641500, 646500, 651500, 656500, 661500, 
666500, 671500, 486500, 491500, 496500, 501500, 506500, 511500, 
516500, 521500, 526500, 531500, 536500, 541500, 546500, 551500, 
556500, 561500, 566500, 571500, 576500, 581500, 586500, 591500, 
596500, 601500, 606500, 611500, 616500, 621500, 626500, 631500, 
636500, 641500, 646500, 651500, 656500, 661500, 666500, 671500, 
676500, 486500, 491500, 496500, 501500, 506500, 511500, 516500, 
521500, 526500, 531500, 536500, 541500, 546500, 551500, 556500, 
561500, 566500, 571500, 576500, 581500, 586500, 591500, 596500, 
601500, 606500, 611500, 616500, 621500, 626500, 631500, 636500, 
641500, 646500, 651500, 656500, 661500, 666500, 671500, 676500, 
681500, 686500, 491500, 496500, 501500, 506500, 511500, 516500, 
521500, 526500, 531500, 536500, 541500, 546500, 551500, 556500, 
561500, 566500, 571500, 576500, 581500, 586500, 591500, 596500, 
601500, 606500, 611500, 616500, 621500, 626500, 631500, 636500, 
641500, 646500, 651500, 656500, 661500, 666500, 671500, 676500, 
681500, 686500, 691500, 491500, 496500, 501500, 506500, 511500, 
516500, 521500, 526500, 531500, 536500, 541500, 546500, 551500, 
556500, 561500, 566500, 571500, 576500, 581500, 586500, 591500, 
596500, 601500, 606500, 611500, 616500, 621500, 626500, 631500, 
636500, 641500, 646500, 651500, 656500, 661500, 666500, 671500, 
676500, 681500, 686500, 691500, 696500, 491500, 496500, 501500, 
506500, 511500, 516500, 521500, 526500, 531500, 536500, 541500, 
546500, 551500, 556500, 561500, 566500, 571500, 576500, 581500, 
586500, 591500, 596500, 601500, 606500, 611500, 616500, 621500, 
626500, 631500, 636500, 641500, 646500, 651500, 656500, 661500, 
666500, 671500, 676500, 681500, 686500, 691500, 696500, 491500, 
496500, 501500, 506500, 511500, 516500, 521500, 526500, 531500, 
536500, 541500, 546500, 551500, 556500, 561500, 566500, 571500, 
576500, 581500, 586500, 591500, 596500, 601500, 606500, 611500, 
616500, 621500, 626500, 631500, 636500, 641500, 646500, 651500, 
656500, 661500, 666500, 671500, 676500, 681500, 686500, 691500, 
696500, 491500, 496500, 501500, 506500, 511500, 516500, 521500, 
526500, 531500, 536500, 541500, 546500, 551500, 556500, 561500, 
566500, 571500, 576500, 581500, 586500, 591500, 596500, 601500, 
606500, 611500, 616500, 621500, 626500, 631500, 636500, 641500, 
646500, 651500, 656500, 661500, 666500, 671500, 676500, 681500, 
686500, 691500, 696500, 701500, 491500, 496500, 501500, 506500, 
511500, 516500, 521500, 526500, 531500, 536500, 541500, 546500, 
551500, 556500, 561500, 566500, 571500, 576500, 581500, 586500, 
591500, 596500, 601500, 606500, 611500, 616500, 621500, 626500, 
631500, 636500, 641500, 646500, 651500, 656500, 661500, 666500, 
671500, 676500, 681500, 686500, 691500, 696500, 701500, 491500, 
496500, 501500, 506500, 511500, 516500, 521500, 526500, 531500, 
536500, 541500, 546500, 551500, 556500, 561500, 566500, 571500, 
576500, 581500, 586500, 591500, 596500, 601500, 606500, 611500, 
616500, 621500, 626500, 631500, 636500, 641500, 646500, 651500, 
656500, 661500, 666500, 671500, 676500, 681500, 686500, 691500, 
696500, 701500, 706500, 496500, 501500, 506500, 511500, 516500, 
521500, 526500, 531500, 536500, 541500, 546500, 551500, 556500, 
561500, 566500, 571500, 576500, 581500, 586500, 591500, 596500, 
