"oxford" <-
structure(list(PROFILE = c(1, 2, 3, 4, 5, 6, 7, 8, 9, 10, 11, 
12, 13, 14, 15, 16, 17, 18, 19, 20, 21, 22, 23, 24, 25, 26, 27, 
28, 29, 30, 31, 32, 33, 34, 35, 36, 37, 38, 39, 40, 41, 42, 43, 
44, 45, 46, 47, 48, 49, 50, 51, 52, 53, 54, 55, 56, 57, 58, 59, 
60, 61, 62, 63, 64, 65, 66, 67, 68, 69, 70, 71, 72, 73, 74, 75, 
76, 77, 78, 79, 80, 81, 82, 83, 84, 85, 86, 87, 88, 89, 90, 91, 
92, 93, 94, 95, 96, 97, 98, 99, 100, 101, 102, 103, 104, 105, 
106, 107, 108, 109, 110, 111, 112, 113, 114, 115, 116, 117, 118, 
119, 120, 121, 122, 123, 124, 125, 126), XCOORD = c(100, 100, 
100, 100, 100, 100, 100, 100, 100, 100, 100, 100, 100, 100, 100, 
100, 100, 100, 100, 100, 100, 200, 200, 200, 200, 200, 200, 200, 
200, 200, 200, 200, 200, 200, 200, 200, 200, 200, 200, 200, 200, 
200, 300, 300, 300, 300, 300, 300, 300, 300, 300, 300, 300, 300, 
300, 300, 300, 300, 300, 300, 300, 300, 300, 400, 400, 400, 400, 
400, 400, 400, 400, 400, 400, 400, 400, 400, 400, 400, 400, 400, 
400, 400, 400, 400, 500, 500, 500, 500, 500, 500, 500, 500, 500, 
500, 500, 500, 500, 500, 500, 500, 500, 500, 500, 500, 500, 600, 
600, 600, 600, 600, 600, 600, 600, 600, 600, 600, 600, 600, 600, 
600, 600, 600, 600, 600, 600, 600), YCOORD = c(2100, 2000, 1900, 
1800, 1700, 1600, 1500, 1400, 1300, 1200, 1100, 1000, 900, 800, 
700, 600, 500, 400, 300, 200, 100, 2100, 2000, 1900, 1800, 1700, 
1600, 1500, 1400, 1300, 1200, 1100, 1000, 900, 800, 700, 600, 
500, 400, 300, 200, 100, 2100, 2000, 1900, 1800, 1700, 1600, 
1500, 1400, 1300, 1200, 1100, 1000, 900, 800, 700, 600, 500, 
400, 300, 200, 100, 2100, 2000, 1900, 1800, 1700, 1600, 1500, 
1400, 1300, 1200, 1100, 1000, 900, 800, 700, 600, 500, 400, 300, 
200, 100, 2100, 2000, 1900, 1800, 1700, 1600, 1500, 1400, 1300, 
1200, 1100, 1000, 900, 800, 700, 600, 500, 400, 300, 200, 100, 
2100, 2000, 1900, 1800, 1700, 1600, 1500, 1400, 1300, 1200, 1100, 
1000, 900, 800, 700, 600, 500, 400, 300, 200, 100), ELEV = c(598, 
597, 610, 615, 610, 595, 580, 590, 598, 588, 575, 572, 574, 580, 
588, 579, 579, 578, 583, 600, 615, 600, 583, 593, 600, 602, 586, 
577, 576, 580, 577, 569, 562, 568, 577, 580, 570, 578, 579, 578, 
587, 590, 585, 579, 580, 582, 583, 577, 569, 570, 571, 569, 563, 
558, 552, 572, 572, 558, 575, 576, 571, 575, 580, 589, 586, 578, 
573, 572, 570, 568, 559, 561, 563, 563, 551, 548, 554, 551, 550, 
571, 574, 570, 571, 570, 612, 610, 603, 595, 580, 573, 562, 549, 
548, 551, 550, 546, 542, 548, 550, 548, 555, 560, 553, 551, 565, 
632, 625, 615, 608, 595, 585, 572, 560, 549, 547, 546, 545, 540, 
545, 546, 547, 548, 550, 547, 546, 555), PROFCLASS = structure(c(2, 
2, 2, 3, 3, 2, 3, 2, 3, 3, 2, 2, 2, 3, 3, 2, 2, 2, 3, 3, 3, 3, 
2, 3, 3, 3, 2, 3, 2, 3, 3, 3, 1, 1, 3, 3, 1, 1, 3, 3, 3, 3, 3, 
3, 3, 2, 3, 3, 3, 2, 3, 3, 3, 2, 1, 1, 3, 2, 1, 3, 3, 3, 3, 2, 
3, 2, 3, 3, 3, 2, 3, 2, 3, 3, 3, 1, 3, 3, 1, 1, 1, 2, 2, 3, 3, 
3, 3, 3, 3, 3, 2, 3, 2, 2, 3, 3, 1, 2, 3, 1, 1, 2, 2, 2, 3, 3, 
3, 3, 3, 3, 3, 3, 3, 2, 1, 3, 3, 2, 1, 2, 2, 1, 1, 2, 1, 3), .Label = c("Cr", 
"Ct", "Ia"), class = "factor"), MAPCLASS = structure(c(2, 3, 
3, 3, 3, 2, 2, 3, 3, 3, 3, 2, 1, 1, 3, 3, 3, 3, 3, 3, 3, 3, 2, 
3, 3, 3, 3, 2, 1, 3, 3, 3, 2, 1, 1, 3, 3, 3, 3, 3, 3, 3, 2, 2, 
2, 3, 3, 3, 2, 1, 3, 3, 3, 3, 1, 1, 3, 1, 1, 1, 2, 3, 3, 2, 2, 
2, 2, 2, 2, 2, 1, 1, 3, 3, 3, 2, 1, 3, 1, 1, 1, 1, 2, 2, 3, 3, 
3, 3, 3, 3, 3, 2, 1, 1, 1, 2, 2, 1, 2, 1, 1, 1, 1, 2, 2, 3, 3, 
3, 3, 3, 3, 3, 3, 2, 2, 2, 2, 2, 2, 1, 1, 1, 1, 1, 2, 2), .Label = c("Cr", 
"Ct", "Ia"), class = "factor"), VAL1 = c(3, 3, 4, 4, 3, 3, 4, 
4, 4, 3, 3, 4, 4, 3, 2, 3, 3, 3, 3, 4, 3, 3, 4, 4, 4, 3, 4, 4, 
4, 4, 4, 4, 3, 3, 3, 3, 3, 4, 3, 3, 3, 3, 4, 4, 4, 4, 3, 4, 4, 
4, 4, 4, 4, 4, 4, 4, 3, 3, 3, 3, 3, 3, 3, 4, 4, 4, 4, 4, 4, 4, 
4, 4, 3, 3, 3, 4, 4, 3, 4, 4, 4, 3, 3, 3, 3, 4, 3, 3, 4, 4, 4, 
4, 4, 3, 3, 4, 3, 4, 2, 3, 3, 3, 4, 3, 3, 4, 4, 3, 3, 4, 4, 4, 
4, 3, 3, 3, 3, 4, 3, 4, 4, 3, 3, 4, 4, 4), CHR1 = c(3, 3, 3, 
3, 3, 2, 2, 3, 3, 3, 2, 2, 2, 2, 2, 3, 2, 2, 2, 2, 2, 2, 4, 3, 
3, 3, 2, 2, 3, 3, 2, 2, 3, 2, 2, 2, 3, 2, 2, 2, 2, 2, 2, 2, 3, 
3, 3, 3, 2, 3, 3, 2, 2, 2, 3, 3, 2, 3, 3, 2, 3, 3, 2, 3, 2, 2, 
3, 3, 2, 2, 3, 3, 3, 2, 2, 3, 2, 1, 2, 3, 4, 2, 3, 2, 3, 2, 3, 
3, 2, 2, 2, 2, 2, 3, 3, 3, 3, 2, 2, 3, 3, 3, 2, 2, 2, 2, 2, 3, 
3, 2, 2, 2, 2, 3, 3, 3, 3, 2, 3, 2, 2, 3, 3, 2, 2, 2), LIME1 = c(4, 
4, 4, 4, 4, 0, 2, 1, 0, 4, 0, 2, 0, 4, 4, 0, 1, 4, 4, 4, 4, 4, 
3, 4, 4, 4, 4, 4, 0, 4, 4, 4, 1, 0, 1, 4, 0, 0, 3, 4, 3, 4, 4, 
4, 4, 4, 4, 4, 4, 0, 1, 4, 4, 3, 0, 0, 4, 0, 0, 0, 4, 4, 4, 4, 
4, 4, 4, 4, 4, 4, 1, 0, 4, 4, 4, 0, 1, 4, 0, 0, 0, 4, 3, 4, 4, 
4, 4, 4, 4, 4, 4, 1, 0, 4, 4, 4, 0, 3, 4, 1, 0, 0, 1, 0, 4, 4, 
4, 4, 4, 4, 4, 4, 4, 3, 1, 3, 4, 2, 1, 3, 0, 0, 0, 0, 0, 4), 
    VAL2 = c(4, 4, 5, 8, 8, 4, 8, 4, 8, 8, 4, 4, 4, 8, 8, 4, 
    4, 4, 8, 8, 8, 8, 5, 5, 8, 8, 5, 8, 4, 8, 8, 8, 4, 4, 8, 
    8, 4, 4, 8, 8, 8, 8, 8, 8, 5, 5, 8, 8, 8, 5, 8, 8, 8, 7, 
    4, 4, 8, 4, 4, 4, 8, 5, 8, 7, 8, 5, 8, 4, 8, 4, 5, 5, 8, 
    8, 8, 4, 5, 8, 4, 4, 4, 4, 5, 8, 8, 8, 8, 8, 8, 8, 5, 8, 
    7, 5, 8, 8, 4, 5, 8, 4, 4, 4, 4, 4, 8, 8, 8, 8, 8, 8, 8, 
    8, 8, 4, 4, 8, 8, 4, 4, 4, 4, 4, 4, 4, 4, 8), CHR2 = c(4, 
    4, 4, 2, 2, 4, 2, 4, 2, 2, 4, 4, 4, 2, 2, 4, 4, 3, 2, 2, 
    2, 2, 4, 4, 2, 2, 4, 2, 4, 2, 2, 2, 3, 4, 2, 2, 4, 4, 2, 
    2, 2, 2, 2, 2, 4, 4, 2, 2, 2, 6, 2, 2, 2, 4, 4, 4, 2, 4, 
    4, 4, 2, 4, 2, 2, 2, 3, 2, 4, 2, 4, 6, 6, 2, 2, 2, 4, 6, 
    2, 3, 4, 4, 4, 4, 2, 2, 2, 2, 2, 2, 2, 4, 2, 4, 4, 2, 2, 
    4, 4, 2, 4, 4, 4, 4, 4, 2, 2, 2, 2, 2, 2, 2, 2, 2, 4, 4, 
    2, 2, 4, 4, 4, 4, 4, 4, 4, 4, 2), LIME2 = c(4, 4, 4, 5, 5, 
    4, 5, 4, 5, 5, 4, 3, 4, 5, 5, 4, 4, 4, 5, 5, 5, 5, 4, 4, 
    5, 5, 4, 5, 4, 5, 5, 5, 0, 0, 5, 5, 0, 0, 5, 5, 5, 5, 5, 
    5, 4, 4, 5, 5, 5, 4, 5, 5, 5, 4, 0, 0, 5, 4, 0, 4, 5, 4, 
    5, 5, 5, 4, 5, 4, 5, 4, 4, 4, 5, 5, 5, 0, 4, 5, 0, 0, 0, 
    4, 4, 5, 5, 5, 5, 5, 5, 5, 4, 5, 4, 4, 5, 5, 0, 4, 5, 1, 
    0, 4, 4, 4, 5, 5, 5, 5, 5, 5, 5, 5, 5, 4, 1, 5, 5, 4, 0, 
    4, 0, 0, 0, 4, 0, 5), DEPTHCM = c(61, 91, 46, 20, 20, 91, 
    30, 61, 38, 25, 71, 91, 61, 20, 25, 91, 61, 61, 25, 25, 25, 
    15, 38, 30, 15, 25, 91, 25, 81, 20, 20, 20, 86, 91, 20, 13, 
    61, 61, 25, 30, 30, 30, 23, 38, 36, 46, 25, 25, 41, 91, 20, 
    20, 25, 61, 66, 76, 25, 61, 91, 38, 25, 36, 15, 61, 36, 91, 
    25, 41, 36, 51, 38, 91, 20, 20, 15, 81, 36, 20, 71, 91, 91, 
    76, 91, 25, 15, 20, 25, 20, 25, 36, 91, 36, 41, 46, 20, 30, 
    56, 51, 36, 91, 91, 71, 91, 61, 30, 23, 10, 15, 20, 20, 20, 
    15, 20, 91, 51, 30, 20, 61, 91, 61, 46, 91, 91, 91, 91, 30
    ), DEP2LIME = c(20, 20, 20, 20, 20, 20, 20, 20, 40, 20, 40, 
    20, 40, 20, 20, 40, 20, 20, 20, 20, 20, 20, 20, 20, 20, 20, 
    20, 20, 40, 20, 20, 20, 80, 60, 20, 20, 40, 60, 20, 20, 20, 
    20, 20, 20, 20, 20, 20, 20, 20, 20, 20, 20, 20, 20, 60, 80, 
    20, 40, 80, 40, 20, 20, 20, 20, 20, 20, 20, 20, 20, 20, 20, 
    40, 20, 20, 20, 80, 40, 20, 80, 90, 90, 20, 20, 20, 20, 20, 
    20, 20, 20, 20, 20, 20, 40, 20, 20, 20, 40, 20, 20, 90, 90, 
    40, 60, 20, 20, 20, 20, 20, 20, 20, 20, 20, 20, 20, 60, 20, 
    20, 20, 60, 20, 40, 90, 90, 40, 60, 20), PCLAY1 = c(15, 25, 
    20, 20, 18, 25, 25, 35, 35, 12, 20, 18, 25, 18, 20, 15, 22, 
    24, 16, 27, 24, 30, 35, 33, 25, 15, 23, 30, 35, 34, 25, 30, 
    12, 24, 22, 27, 22, 26, 18, 25, 24, 23, 35, 34, 30, 35, 35, 
    32, 30, 35, 33, 30, 22, 15, 34, 28, 23, 23, 26, 25, 24, 23, 
    22, 30, 33, 22, 28, 25, 28, 20, 30, 25, 37, 25, 20, 28, 29, 
    22, 28, 23, 18, 22, 23, 23, 20, 25, 12, 18, 33, 20, 25, 25, 
    25, 25, 24, 28, 28, 30, 22, 24, 28, 24, 28, 20, 24, 12, 15, 
    10, 15, 25, 14, 20, 18, 25, 20, 22, 27, 28, 29, 18, 24, 24, 
    20, 28, 22, 25),