"sic.train" <-
structure(list(record = as.integer(c(13, 21, 30, 31, 35, 43, 
45, 47, 49, 53, 54, 57, 61, 67, 71, 74, 78, 83, 85, 91, 101, 
103, 105, 106, 111, 119, 120, 137, 139, 142, 149, 151, 157, 173, 
175, 182, 186, 189, 191, 207, 209, 212, 213, 215, 219, 221, 223, 
227, 231, 233, 244, 246, 264, 266, 284, 285, 287, 295, 304, 312, 
322, 323, 334, 337, 339, 343, 344, 355, 371, 372, 375, 376, 379, 
387, 390, 391, 395, 399, 411, 414, 420, 421, 423, 427, 428, 434, 
439, 440, 442, 445, 452, 461, 466, 469, 477, 479, 480, 484, 485, 
488, 509, 515, 517, 526, 529, 530, 546, 548, 549, 553, 567, 569, 
570, 571, 574, 575, 576, 588, 601, 604, 605, 609, 617, 620, 625, 
630, 633, 651, 654, 658, 664, 670, 676, 697, 701, 703, 708, 710, 
711, 715, 716, 719, 723, 725, 727, 736, 746, 749, 754, 755, 765, 
768, 769, 772, 773, 784, 787, 796, 798, 806, 811, 826, 835, 838, 
839, 848, 853, 854, 861, 862, 866, 867, 870, 874, 889, 895, 900, 
901, 919, 920, 933, 934, 942, 945, 948, 953, 959, 961, 967, 968, 
977, 979, 991, 992, 994, 1000, 1002, 1003, 1004, 1007)), x = as.integer(c(99554, 
60497, 99102, 119587, 116784, 110576, 105995, 69021, 72816, 101777, 
83702, 94707, -31466, -42754, -11787, 26970, 66134, 66334, 61736, 
16184, -28747, 6586, -32449, -6684, 55625, 138651, 153350, 28250, 
21065, 35041, -27367, -60739, -64584, -37539, -42432, -53445, 
800, 16181, 9289, -56713, -10086, -69397, -71582, -40828, -38854, 
-45834, -24516, -55409, -27380, -26288, 3981, -5374, -697, 4093, 
10082, 14872, -25554, 61600, -76593, -43869, 68279, 52710, 66503, 
60284, 52759, 99640, 81625, -22319, -67646, -76881, -30629, -29511, 
-39194, 1390, -41576, 35369, 4066, -16251, 32222, 51821, 15938, 
5641, 196005, 181888, 175587, 205606, 210843, 249987, 260980, 
192125, 261000, 238866, 230996, 264652, 262137, 202324, 227145, 
222683, 226348, 247475, 113195, 129624, 131822, 153498, 86600, 
68711, 86352, 27487, 12642, 44818, 109622, 92318, 95352, 105572, 
86013, 114634, 113592, 84560, 60309, -28373, -43252, 176199, 
201999, 166192, -27766, 58638, -29462, 103, -64854, -40597, 9045, 
21365, -41950, -50530, 234910, 149000, 224053, 193423, 175227, 
246093, 242374, 183800, 187841, 176413, 207790, 191552, 185620, 
190203, 151671, 193343, 252079, 222093, 244792, 161830, 146512, 
114711, 109514, 175828, 154895, 230172, 161409, 249722, 154671, 
146475, 149076, 151259, 135003, 110746, 179171, 210834, 28770, 
24675, 1589, 164014, 117297, 3666, -5292, 69832, 26276, 21173, 
233618, 237781, 191310, 133998, 138479, 25204, 37703, 242284, 
128077, 161352, -31588, 45023, 104897, 99706, 165976, 257782, 
-21760, 182387, 161621, 250299)), y = as.integer(c(598199, 621464, 
515625, 499850, 525378, 413471, 438416, 429662, 419777, 402898, 
416378, 479515, 522650, 494710, 546191, 459805, 484133, 460292, 
449321, 468883, 630454, 623982, 600542, 643917, 581884, 553677, 
547467, 630851, 623477, 623277, 558952, 472162, 630434, 604025, 
605020, 439438, 414308, 422889, 386666, 360811, 383574, 368095, 
351531, 340567, 408822, 380581, 239065, 231777, 191850, 198835, 
200443, 165603, 311932, 297955, 331884, 323805, 333583, 348545, 
149620, 154219, 75244, 81345, 129051, 155709, 183763, 104391, 
91821, 61984, 58180, 29629, 41818, 17754, 3774, -19526, -32402, 
29933, 43908, 37417, -26216, -35403, 9173, 12660, 12704, -49372, 
41269, 62005, -22344, 35436, 45403, 65610, -34202, 69907, 53668, 
53810, 155652, 197056, 203250, 159045, 174748, 205365, 146503, 
149389, 181032, 147981, 226472, 195939, 203012, 196247, 178272, 
204331, 63257, 50679, 40196, 42091, 33511, -8354, -35499, -42989, 
602623, 444937, 438253, 149968, 18683, 591618, 574814, 469868, 
171490, 462004, 300036, 161508, 114291, 116684, 128267, -34401, 
644031, 598723, 596436, 620673, 631173, 514368, 450919, 574935, 
424957, 394340, 540084, 511014, 407006, 391435, 473773, 525665, 
324576, 279030, 302464, 331710, 309367, 345819, 272773, 336985, 
264950, 565713, 582360, 417586, 460104, 480368, 488445, 527128, 
359074, 370868, 275310, 311697, 431766, 477260, 172391, 99565, 
70837, 55797, 498818, 154207, 468290, 534220, 578699, 584239, 
630741, 208877, 457933, 213912, -40488, -6432, 232341, 255372, 
105099, 622468, 464045, 476227, 43665, 139788, 112689, 588996, 
61438, 53884)), day01 = c(76.9, 74.7, 72.2, 74, 74.5, 113, 104, 
113, 108, 108, 104, 78.1, 68.8, 64.4, 76.7, 94.7, 77.2, 106, 
105, 92.1, 83.8, 70.4, 84.6, 83.8, 70.9, 72.5, 68.2, 82.4, 70.8, 
85.1, 72.7, 66.7, 79.6, 78.8, 84.8, 66.4, 104, 112, 97, 118, 
113, 87.9, 110, 108, 60.9, 91.8, 88.8, 112, 92.4, 92.6, 100, 
87.6, 95.1, 98.7, 117, 91.3, 121, 103, 97.3, 97.2, 95.1, 103, 
109, 116, 99.8, 105, 70.1, 117, 115, 127, 111, 132, 103, 110, 
94.4, 94.8, 115, 121, 96.8, 98.3, 108, 96.2, 86, 97.2, 98, 119, 
91, 104, 107, 82.7, 99.8, 113, 109, 111, 127, 131, 128, 104, 
141, 128, 123, 124, 116, 111, 117, 97, 91.2, 106, 108, 108, 98.1, 
97.5, 87.8, 95.1, 100, 102, 83.3, 109, 85.2, 86.1, 55.8, 87.8, 
101, 71.5, 64.9, 97.7, 85.8, 99.1, 72.1, 89.4, 120, 121, 86.2, 
131, 97.9, 71.1, 71.6, 83.7, 76.9, 62.4, 71.1, 88.7, 107, 119, 
77.8, 77.2, 112, 113, 117, 75.3, 125, 122, 113, 93, 134, 116, 
118, 118, 125, 70.6, 68.9, 76, 85.1, 72, 114, 74.4, 126, 113, 
150, 114, 102, 102, 87.8, 111, 114, 98.2, 74.1, 114, 97.7, 57.2, 
77.1, 71.3, 85.8, 118, 95.5, 109, 88.8, 107, 114, 113, 117, 58.3, 
87, 87.3, 89.8, 150, 112, 82.3, 83.7, 121), day02 = c(75.6, 72.9, 
71.9, 74.5, 75.5, 112, 103, 113, 105, 106, 104, 78.6, 68.8, 64.9, 
76.9, 93.4, 77.2, 104, 104, 89.3, 82.2, 69.9, 84.6, 83.5, 70.4, 
71.6, 67.5, 82.1, 70, 84.4, 72.2, 67.2, 79.5, 78.8, 86.1, 67.2, 
102, 111, 97.8, 117, 114, 86.1, 115, 112, 60.7, 89.5, 91.4, 110, 
91.6, 91.2, 97.6, 87.4, 94.7, 99.5, 118, 90.9, 124, 102, 98, 
96.5, 95.2, 103, 109, 117, 99, 107, 69.9, 118, 116, 127, 116, 
133, 103, 112, 93.7, 96.2, 116, 124, 96.6, 99.4, 107, 96.8, 86.7, 
97.8, 99.2, 117, 90.3, 101, 105, 83, 102, 109, 109, 109, 130, 
130, 128, 103, 141, 133, 121, 124, 119, 109, 117, 96.4, 88.4, 
103, 108, 107, 96.5, 99, 88.3, 96.6, 100, 104, 84, 109, 83.8, 
85.4, 55.9, 87.2, 99.6, 70.2, 64.9, 94.5, 83.5, 99.4, 74.8, 92.4, 
120, 120, 85.9, 130, 92.6, 70, 71, 82.2, 75.3, 61.4, 70.4, 87.9, 
107, 119, 77.6, 77.7, 112, 114, 116, 75.7, 124, 122, 114, 93.5, 
132, 114, 115, 117, 128, 71, 67.3, 74.1, 83.9, 72.4, 114, 74.9, 
125, 115, 155, 115, 101, 102, 88.7, 108, 110, 99.9, 74.5, 112, 
94.5, 56.9, 76.4, 70.7, 85.2, 117, 95.3, 108, 88.3, 107, 113, 
112, 118, 58.5, 86.7, 86.9, 95.9, 149, 115, 81.7, 84, 120), day03 = c(77.9, 
76.1, 75.2, 78.1, 75.4, 116, 100, 109, 104, 109, 102, 79.6, 72, 
67.1, 78.8, 94.9, 77.3, 100, 103, 91, 86.5, 72.1, 85.2, 84.3, 
73.4, 74, 69.2, 83.5, 72, 85.6, 74.8, 68.9, 80.9, 79.6, 86.6, 
69.7, 101, 107, 98.1, 110, 111, 86.6, 113, 109, 63.7, 90.4, 91.7, 
111, 93.6, 93.2, 101, 91.9, 97.4, 102, 116, 89, 126, 100, 98.1, 
97.5, 102, 105, 109, 112, 104, 110, 75.4, 116, 112, 127, 118, 
131, 104, 109, 100, 97.8, 116, 119, 103, 102, 109, 102, 93.2, 
101, 100, 115, 93.1, 106, 106, 86.3, 110, 107, 101, 115, 133, 
130, 124, 107, 144, 133, 125, 125, 119, 112, 119, 99.7, 93.5, 
107, 109, 109, 100, 102, 88.5, 99.4, 99.6, 105, 91.4, 116, 81.6, 
84.8, 59.9, 94.6, 101, 72, 68.9, 92.9, 86.8, 96.9, 77.1, 94.7, 
123, 124, 89.7, 136, 95.5, 72.4, 74.1, 84.6, 78, 64.3, 74.9, 
89.6, 103, 117, 79.4, 79.8, 111, 116, 118, 77.5, 121, 119, 115, 
93.6, 130, 114, 115, 116, 130, 73.3, 70.2, 78.3, 85.6, 74.6, 
113, 75.8, 121, 113, 157, 113, 98.9, 103, 94.3, 114, 112, 97.9, 
76.2, 116, 94.4, 60.6, 79.4, 73.1, 87.9, 114, 94.2, 109, 88.9, 
117, 113, 112, 119, 60.7, 86.8, 86.1, 103, 149, 118, 82.8, 88.4, 
116),