"walker" <-
structure(list(Id = c(1, 2, 3, 4, 5, 6, 7, 8, 9, 10, 11, 12, 
13, 14, 15, 16, 17, 18, 19, 20, 21, 22, 23, 24, 25, 26, 27, 28, 
29, 30, 31, 32, 33, 34, 35, 36, 37, 38, 39, 40, 41, 42, 43, 44, 
45, 46, 47, 48, 49, 50, 51, 52, 53, 54, 55, 56, 57, 58, 59, 60, 
61, 62, 63, 64, 65, 66, 67, 68, 69, 70, 71, 72, 73, 74, 75, 76, 
77, 78, 79, 80, 81, 82, 83, 84, 85, 86, 87, 88, 89, 90, 91, 92, 
93, 94, 95, 96, 97, 98, 99, 100, 101, 102, 103, 104, 105, 106, 
107, 108, 109, 110, 111, 112, 113, 114, 115, 116, 117, 118, 119, 
120, 121, 122, 123, 124, 125, 126, 127, 128, 129, 130, 131, 132, 
133, 134, 135, 136, 137, 138, 139, 140, 141, 142, 143, 144, 145, 
146, 147, 148, 149, 150, 151, 152, 153, 154, 155, 156, 157, 158, 
159, 160, 161, 162, 163, 164, 165, 166, 167, 168, 169, 170, 171, 
172, 173, 174, 175, 176, 177, 178, 179, 180, 181, 182, 183, 184, 
185, 186, 187, 188, 189, 190, 191, 192, 193, 194, 195, 196, 197, 
198, 199, 200, 201, 202, 203, 204, 205, 206, 207, 208, 209, 210, 
211, 212, 213, 214, 215, 216, 217, 218, 219, 220, 221, 222, 223, 
224, 225, 226, 227, 228, 229, 230, 231, 232, 233, 234, 235, 236, 
237, 238, 239, 240, 241, 242, 243, 244, 245, 246, 247, 248, 249, 
250, 251, 252, 253, 254, 255, 256, 257, 258, 259, 260, 261, 262, 
263, 264, 265, 266, 267, 268, 269, 270, 271, 272, 273, 274, 275, 
276, 277, 278, 279, 280, 281, 282, 283, 284, 285, 286, 287, 288, 
289, 290, 291, 292, 293, 294, 295, 296, 297, 298, 299, 300, 301, 
302, 303, 304, 305, 306, 307, 308, 309, 310, 311, 312, 313, 314, 
315, 316, 317, 318, 319, 320, 321, 322, 323, 324, 325, 326, 327, 
328, 329, 330, 331, 332, 333, 334, 335, 336, 337, 338, 339, 340, 
341, 342, 343, 344, 345, 346, 347, 348, 349, 350, 351, 352, 353, 
354, 355, 356, 357, 358, 359, 360, 361, 362, 363, 364, 365, 366, 
367, 368, 369, 370, 371, 372, 373, 374, 375, 376, 377, 378, 379, 
380, 381, 382, 383, 384, 385, 386, 387, 388, 389, 390, 391, 392, 
393, 394, 395, 396, 397, 398, 399, 400, 401, 402, 403, 404, 405, 
406, 407, 408, 409, 410, 411, 412, 413, 414, 415, 416, 417, 418, 
419, 420, 421, 422, 423, 424, 425, 426, 427, 428, 429, 430, 431, 
432, 433, 434, 435, 436, 437, 438, 439, 440, 441, 442, 443, 444, 
445, 446, 447, 448, 449, 450, 451, 452, 453, 454, 455, 456, 457, 
458, 459, 460, 461, 462, 463, 464, 465, 466, 467, 468, 469, 470
), X = c(11, 8, 9, 8, 9, 10, 9, 11, 10, 8, 9, 10, 11, 10, 8, 
31, 29, 28, 31, 28, 30, 28, 28, 30, 28, 31, 28, 30, 31, 31, 49, 
49, 51, 49, 50, 51, 48, 49, 51, 48, 50, 49, 51, 50, 51, 71, 71, 
70, 68, 69, 68, 68, 69, 69, 70, 69, 69, 68, 71, 71, 91, 91, 90, 
91, 91, 91, 89, 88, 89, 89, 90, 90, 88, 88, 88, 109, 111, 108, 
109, 108, 110, 109, 110, 111, 111, 110, 109, 109, 109, 111, 130, 
131, 130, 128, 129, 131, 129, 131, 131, 129, 128, 130, 131, 128, 
131, 148, 149, 150, 151, 150, 150, 150, 150, 149, 151, 148, 150, 
149, 149, 148, 168, 171, 169, 168, 168, 171, 168, 171, 171, 169, 
170, 170, 169, 168, 168, 190, 191, 191, 190, 190, 188, 191, 189, 
190, 190, 188, 191, 190, 189, 189, 211, 209, 211, 210, 209, 210, 
211, 208, 209, 208, 210, 211, 211, 208, 208, 231, 231, 230, 230, 
229, 229, 230, 228, 229, 231, 231, 229, 231, 231, 230, 249, 250, 
249, 251, 251, 248, 249, 248, 250, 250, 251, 251, 249, 248, 250, 
40, 21, 28, 29, 41, 18, 39, 18, 41, 21, 31, 41, 21, 60, 40, 51, 
59, 41, 59, 51, 50, 59, 60, 60, 38, 50, 50, 61, 39, 61, 38, 61, 
39, 49, 58, 39, 60, 40, 51, 60, 40, 58, 38, 50, 61, 39, 59, 41, 
49, 51, 59, 39, 59, 38, 78, 60, 70, 70, 78, 61, 78, 80, 58, 71, 
70, 79, 80, 61, 79, 71, 78, 80, 69, 79, 80, 70, 81, 100, 80, 
90, 88, 100, 80, 101, 101, 79, 90, 100, 81, 100, 80, 91, 101, 
81, 98, 81, 90, 100, 98, 90, 90, 121, 111, 108, 120, 119, 158, 
140, 150, 151, 161, 141, 160, 139, 178, 159, 169, 170, 180, 178, 
158, 219, 198, 211, 208, 221, 199, 220, 198, 220, 200, 208, 210, 
221, 198, 219, 200, 239, 218, 229, 239, 218, 238, 218, 231, 230, 
240, 221, 239, 218, 35, 24, 34, 23, 54, 46, 55, 45, 53, 46, 55, 
43, 55, 44, 55, 46, 54, 43, 73, 64, 75, 64, 73, 64, 75, 63, 73, 
64, 93, 86, 93, 84, 93, 86, 96, 85, 93, 86, 114, 106, 155, 145, 
174, 166, 215, 205, 215, 204, 236, 223, 236, 226, 35, 24, 36, 
26, 16, 43, 15, 46, 36, 54, 46, 54, 43, 65, 33, 36, 53, 44, 65, 
34, 33, 55, 46, 63, 34, 65, 35, 46, 36, 35, 53, 46, 45, 35, 35, 
84, 84, 75, 73, 63, 84, 76, 84, 86, 73, 76, 94, 85, 104, 93, 
75, 94, 85, 104, 75, 95, 83, 94, 103, 114, 104, 196, 215, 204, 
196, 195, 216, 225, 214, 245, 233, 226, 213), Y = c(8, 30, 48, 
69, 90, 110, 129, 150, 170, 188, 209, 231, 250, 269, 288, 11, 
29, 51, 68, 88, 110, 130, 150, 171, 190, 209, 229, 250, 269, 
289, 11, 29, 48, 68, 88, 109, 129, 151, 168, 190, 211, 231, 250, 
268, 290, 9, 29, 51, 70, 90, 110, 128, 148, 169, 191, 208, 229, 
250, 268, 288, 11, 29, 49, 68, 91, 111, 130, 149, 170, 188, 211, 
230, 249, 269, 288, 11, 31, 49, 68, 88, 109, 129, 148, 169, 191, 
208, 230, 249, 268, 291, 9, 31, 48, 70, 90, 109, 128, 148, 169, 
191, 209, 231, 248, 269, 288, 8, 29, 49, 69, 89, 109, 129, 151, 
169, 190, 208, 228, 251, 271, 291, 8, 29, 49, 69, 91, 109, 131, 
150, 171, 191, 210, 230, 249, 271, 290, 11, 28, 48, 69, 89, 111, 
129, 149, 169, 189, 210, 231, 248, 270, 290, 11, 30, 49, 70, 
90, 111, 130, 151, 168, 191, 211, 228, 250, 268, 289, 10, 28, 
50, 71, 91, 110, 131, 148, 169, 191, 208, 228, 249, 268, 291, 
9, 30, 48, 69, 91, 109, 130, 150, 169, 190, 208, 229, 251, 270, 
291, 71, 69, 80, 59, 81, 80, 60, 60, 90, 90, 101, 100, 100, 8, 
11, 18, 20, 21, 90, 101, 81, 101, 81, 151, 148, 160, 138, 158, 
160, 139, 140, 170, 170, 179, 179, 181, 191, 190, 198, 198, 200, 
208, 209, 221, 220, 221, 268, 271, 278, 260, 281, 279, 258, 260, 
28, 29, 41, 21, 41, 41, 20, 131, 128, 140, 121, 138, 119, 121, 
149, 160, 159, 168, 181, 181, 188, 198, 200, 48, 49, 58, 39, 
60, 59, 38, 68, 70, 79, 78, 81, 91, 89, 99, 100, 98, 111, 108, 
120, 118, 130, 140, 138, 131, 140, 121, 141, 118, 228, 229, 241, 
218, 241, 240, 218, 220, 211, 209, 221, 198, 218, 201, 198, 88, 
90, 100, 80, 99, 98, 81, 78, 150, 150, 159, 140, 160, 161, 139, 
139, 8, 8, 19, 18, 18, 229, 228, 239, 221, 239, 241, 220, 218, 
71, 71, 88, 91, 10, 11, 89, 89, 150, 148, 168, 170, 191, 191, 
211, 211, 269, 271, 29, 31, 129, 129, 149, 151, 171, 168, 188, 
191, 48, 48, 70, 69, 90, 89, 111, 108, 131, 131, 131, 130, 229, 
230, 208, 211, 89, 89, 148, 151, 9, 9, 229, 230, 80, 79, 61, 
58, 80, 60, 88, 99, 99, 80, 81, 161, 161, 160, 160, 170, 179, 
180, 181, 180, 191, 199, 198, 201, 201, 210, 208, 220, 219, 217, 
258, 260, 281, 278, 259, 30, 41, 40, 141, 140, 138, 159, 161, 
169, 199, 51, 61, 60, 38, 41, 90, 101, 100, 109, 110, 121, 119, 
140, 139, 120, 118, 91, 101, 101, 101, 149, 11, 19, 19, 231, 
220, 221, 218),